,DIAL,216,8018885555
100
,RING,216,8018885555
200
,TALK,216,8018885555
100
,HOLD,216,8018885555
100
,TALK,216,8018885555
100
,HOLD,216,8018885555
100
,TALK,216,8018885555
100
,HOLD,216,8018885555
100
,TALK,216,8018885555
100
,HOLD,216,8018885555
200
,TALK,216,8018885555
100
,HOLD,216,8018885555
100
,TALK,216,8018885555
100
,HOLD,216,8018885555
100
,TALK,216,8018885555
100
,HOLD,216,8018885555
100
,TALK,216,8018885555
200
,HOLD,216,8018885555
200
,TALK,216,8018885555
100
,HOLD,216,8018885555
100
,TALK,216,8018885555
100
,HOLD,216,8018885555
100
,TALK,216,8018885555
100
,HOLD,216,8018885555
100
,TALK,216,8018885555
200
,DROP,216,8018885555
